salem-test/grid/02_surface_Academy_1997_UTM47.asc
ncols         275
nrows         292
xllcorner     346439.5277
yllcorner     8883561.234967
cellsize      500
NODATA_value  -9999
[rows 99 to 131 of 292, columns 148 to 221 of 275]
-9999 -9999 114.25 117.45 -9999 128.30 135.73 143.99 154.46 165.78 164.34 162.63 162.90 163.59 163.91 164.41 163.70 162.31 160.26 157.31 154.63 152.24 148.66 143.91 138.65 132.97 126.09 -9999 -9999 -9999 -9999 -9999 -9999 -9999 -9999 -9999 -9999 -9999 -9999 -9999 -9999 -9999 -9999 -9999 -9999 -9999 -9999 -9999 -9999 -9999 -9999 -9999 -9999 -9999 -9999 -9999 -9999 -9999 -9999 -9999 -9999 -9999 -9999 -9999 -9999 -9999 -9999 -9999 -9999 -9999 -9999 -9999 -9999 -9999
124.07 131.73 138.24 144.10 150.57 158.63 167.81 177.90 189.09 197.83 197.97 195.55 193.91 193.03 192.35 192.23 191.24 189.73 187.56 184.71 181.93 179.11 175.09 170.48 165.05 159.38 153.05 147.17 147.00 150.07 150.79 -9999 -9999 -9999 -9999 -9999 -9999 -9999 -9999 -9999 -9999 -9999 -9999 -9999 -9999 -9999 -9999 -9999 -9999 -9999 -9999 -9999 -9999 -9999 -9999 -9999 -9999 -9999 -9999 -9999 -9999 -9999 -9999 -9999 -9999 -9999 -9999 -9999 -9999 -9999 -9999 -9999 -9999 -9999
145.94 155.62 164.26 172.16 180.45 189.39 199.15 209.39 219.68 227.36 227.35 225.42 223.59 222.20 221.01 220.75 219.58 218.03 216.21 213.37 210.40 207.73 203.59 198.90 193.86 188.89 184.56 181.99 182.19 183.47 182.03 177.29 170.36 161.73 151.71 142.65 -9999 -9999 -9999 -9999 -9999 -9999 -9999 -9999 -9999 -9999 -9999 -9999 -9999 -9999 -9999 -9999 -9999 -9999 -9999 -9999 -9999 -9999 -9999 -9999 -9999 -9999 -9999 -9999 -9999 -9999 -9999 -9999 -9999 -9999 -9999 -9999 -9999 -9999
168.95 180.71 191.10 200.42 209.74 219.18 228.91 238.52 246.82 251.98 253.38 252.66 251.35 250.24 249.29 249.05 248.16 246.96 245.20 242.75 240.03 237.16 233.16 228.52 223.67 219.69 216.91 216.27 217.82 219.91 216.07 208.59 200.22 191.37 182.39 175.31 171.80 168.69 164.12 157.79 149.76 142.70 140.48 137.21 132.17 -9999 -9999 -9999 -9999 -9999 -9999 -9999 -9999 -9999 -9999 -9999 -9999 -9999 -9999 -9999 -9999 -9999 -9999 -9999 -9999 -9999 -9999 -9999 -9999 -9999 -9999 -9999 -9999 -9999
192.79 206.68 218.23 228.31 237.78 247.34 256.69 265.49 272.27 276.26 277.86 277.83 277.40 276.96 276.59 276.84 276.33 275.59 274.43 272.39 269.93 267.21 263.04 258.41 253.62 249.95 247.86 248.26 250.60 253.26 248.26 239.70 231.01 222.85 215.29 209.15 204.67 200.76 195.92 189.58 182.60 176.61 172.13 167.80 162.56 156.13 149.49 147.49 146.51 141.55 129.91 121.06 -9999 -9999 -9999 -9999 -9999 -9999 -9999 -9999 -9999 -9999 -9999 -9999 -9999 -9999 -9999 -9999 -9999 -9999 -9999 -9999 -9999 -9999
217.31 233.51 244.90 254.72 264.09 273.37 282.13 290.04 295.70 299.43 300.85 301.05 301.43 302.03 302.61 303.09 303.74 303.62 302.96 301.60 299.79 297.19 292.90 287.70 282.52 278.45 276.38 277.00 279.25 280.96 276.51 268.83 261.08 254.15 248.09 242.97 238.86 234.99 230.14 224.12 217.66 211.60 206.36 201.41 196.63 191.90 188.02 185.93 185.15 183.27 177.12 160.86 144.18 129.52 119.68 109.67 97.73 85.58 -9999 -9999 -9999 -9999 -9999 -9999 -9999 -9999 -9999 -9999 -9999 -9999 -9999 -9999 -9999 -9999
241.35 259.17 268.93 278.39 287.29 296.32 303.91 312.18 316.28 320.55 321.55 321.61 323.23 325.20 326.77 328.27 329.63 330.36 330.07 329.54 328.69 326.49 321.88 315.91 309.66 304.70 302.15 302.33 304.36 306.06 301.93 295.52 289.54 284.37 279.76 276.12 273.10 270.02 265.53 259.68 253.09 246.80 241.19 236.28 232.03 228.61 226.10 224.47 224.18 224.61 221.40 202.14 183.55 168.01 155.25 143.14 130.62 117.78 104.65 89.20 -9999 -9999 -9999 -9999 -9999 -9999 -9999 -9999 -9999 -9999 -9999 -9999 -9999 -9999
263.61 277.74 288.53 297.57 305.85 313.44 320.07 326.62 332.21 336.93 339.01 339.87 342.41 345.44 348.05 350.56 352.68 354.57 354.35 354.73 354.87 354.92 348.48 342.46 334.72 328.38 325.81 324.97 327.16 327.83 324.72 319.75 316.08 312.97 309.87 307.63 306.54 304.94 301.01 295.12 287.73 280.78 275.06 270.44 266.82 264.29 262.41 260.74 259.21 257.12 250.71 236.07 219.77 204.91 191.77 179.21 166.63 153.42 138.58 121.51 102.28 84.92 69.50 -9999 -9999 -9999 -9999 -9999 -9999 -9999 -9999 -9999 -9999 -9999
285.22 296.52 306.13 314.34 321.65 328.04 333.24 338.89 344.64 350.00 353.22 355.59 358.91 362.53 365.99 369.10 371.84 373.73 374.80 375.32 375.64 374.49 370.18 364.58 357.98 352.39 349.63 348.70 350.70 351.08 347.73 342.46 341.24 340.22 337.53 336.25 337.56 338.49 334.55 329.04 319.72 312.09 306.85 302.58 299.26 297.23 295.91 293.93 289.81 284.49 276.66 265.16 251.95 239.08 227.02 215.57 203.82 190.64 175.58 158.36 139.45 119.85 99.26 76.30 -9999 -9999 -9999 -9999 -9999 -9999 -9999 -9999 -9999 -9999
306.30 315.06 322.87 329.82 336.12 341.87 346.55 350.86 354.99 358.99 363.75 368.55 373.28 377.74 381.90 385.55 388.59 390.58 392.13 392.88 392.89 391.44 388.33 384.04 379.43 375.31 373.17 373.09 374.97 375.68 371.41 367.21 364.95 363.55 362.26 361.79 363.07 363.76 360.96 356.03 346.96 339.67 334.98 331.05 327.57 325.84 325.07 323.66 315.53 308.31 300.39 291.18 280.32 269.80 259.97 250.50 240.06 227.94 213.26 196.43 177.49 156.60 132.72 104.90 73.52 46.38 -9999 -9999 -9999 -9999 -9999 -9999 -9999 -9999
326.53 333.04 338.94 344.34 349.48 354.88 359.79 362.18 364.88 367.97 373.87 380.45 386.59 391.91 396.53 400.46 403.57 405.91 407.72 408.23 408.43 407.35 404.86 401.73 398.53 395.61 394.15 394.16 395.69 396.38 392.29 388.72 386.24 384.77 383.85 383.64 383.78 383.24 380.79 376.12 369.74 363.66 358.57 354.29 350.67 347.90 345.72 341.84 334.14 326.58 319.42 312.58 303.96 296.08 288.55 282.17 272.64 263.06 248.19 232.74 213.70 193.32 167.66 138.00 100.14 65.05 -9999 -9999 -9999 -9999 -9999 -9999 -9999 -9999
345.62 350.24 354.38 358.06 361.65 365.56 369.77 372.92 375.26 378.26 385.03 392.72 399.51 405.51 410.43 414.38 417.91 420.22 421.68 422.76 422.52 421.79 420.10 417.80 415.76 413.54 412.37 411.95 411.93 411.28 409.42 407.02 404.99 403.60 402.55 402.15 401.59 400.26 397.96 394.07 388.78 383.62 378.69 373.97 369.66 365.58 361.14 355.06 347.22 338.90 332.96 328.15 322.61 316.76 310.95 304.70 297.09 287.66 274.95 260.27 242.52 222.58 197.68 168.59 129.88 91.41 63.85 -9999 -9999 -9999 -9999 -9999 -9999 -9999
363.26 366.65 369.43 371.48 373.28 375.87 380.33 384.67 387.77 390.51 398.23 405.98 413.03 418.81 423.54 427.87 430.88 433.75 434.68 435.71 435.74 435.21 434.29 432.61 431.07 429.48 428.20 427.68 427.02 426.02 424.83 423.10 421.43 420.17 419.27 418.50 417.33 415.74 413.34 409.72 405.41 400.95 395.68 391.05 385.57 380.35 374.36 367.22 358.90 349.70 345.02 342.08 338.31 333.88 328.96 323.01 315.68 306.57 294.89 280.80 264.08 244.56 221.52 194.45 163.48 132.01 97.45 -9999 -9999 -9999 -9999 -9999 -9999 -9999
379.76 382.58 384.66 385.57 385.41 387.10 393.00 398.74 403.49 408.12 414.14 420.63 426.90 432.29 436.54 440.59 443.85 445.75 447.06 448.24 448.07 447.54 447.11 446.25 444.79 443.53 442.33 441.92 441.68 440.79 439.03 437.41 436.03 434.81 433.85 433.34 431.81 430.00 427.37 424.41 420.16 416.23 410.67 405.56 399.84 393.80 386.78 378.95 370.81 363.31 358.49 355.44 352.55 348.80 344.37 338.69 331.66 322.88 311.86 298.55 282.81 264.63 243.81 220.54 195.78 171.47 145.85 95.90 -9999 -9999 -9999 -9999 -9999 -9999
395.60 398.50 400.63 401.61 400.94 401.67 408.86 415.11 420.70 425.71 430.47 435.89 440.88 445.64 449.81 452.98 455.48 458.04 458.84 459.90 459.98 459.86 459.22 458.29 457.45 455.89 454.83 454.19 454.07 453.20 451.58 450.20 449.04 448.18 446.99 446.07 443.86 441.65 439.24 436.14 432.52 427.89 423.43 418.13 412.31 405.52 398.57 390.49 382.29 375.44 371.23 368.37 365.68 362.35 358.28 352.76 346.05 337.66 327.06 314.58 300.06 283.29 264.62 244.34 222.89 200.43 168.23 128.40 91.27 59.37 -9999 -9999 -9999 -9999
411.20 414.54 417.44 419.81 421.87 423.86 427.74 432.95 438.37 443.10 446.62 450.25 454.63 458.68 462.32 465.22 467.63 469.00 470.40 471.17 471.06 471.07 470.41 469.90 468.94 467.57 465.29 464.59 463.89 463.06 461.97 461.64 460.63 458.90 458.04 457.10 455.62 453.82 451.07 447.67 444.57 440.29 435.76 430.47 424.45 417.53 409.90 401.72 393.13 386.29 383.28 380.92 378.16 375.22 370.91 365.99 359.59 351.26 341.30 329.63 315.92 300.54 283.50 264.91 244.68 219.87 189.57 154.71 118.65 83.65 -9999 -9999 -9999 -9999
426.49 430.40 434.16 437.86 441.77 443.98 446.40 450.15 454.86 458.86 461.53 464.45 467.49 471.41 474.32 476.57 479.01 480.65 481.39 481.76 482.26 481.54 481.31 480.33 479.39 477.24 475.39 474.06 472.83 472.09 471.85 471.45 470.68 469.75 469.13 467.89 466.51 464.88 462.08 459.08 455.98 451.93 447.67 442.17 436.06 429.14 421.80 413.83 405.34 398.26 396.03 393.50 390.73 387.41 383.37 377.84 372.17 364.05 354.76 343.48 330.64 316.19 300.27 282.48 262.12 238.14 210.46 179.84 147.53 114.53 84.28 -9999 -9999 -9999
441.35 445.63 450.15 454.33 457.63 460.59 463.02 465.81 468.71 471.78 474.67 476.87 479.95 482.53 484.69 488.34 488.46 490.27 491.89 492.53 491.97 492.30 490.41 489.96 488.75 487.06 485.34 483.14 481.27 480.93 480.74 480.37 480.81 480.07 479.48 478.63 476.88 474.38 472.51 469.91 467.00 463.19 458.71 453.17 447.50 440.67 433.90 426.68 419.62 413.93 409.74 406.52 403.06 399.51 394.82 390.61 383.87 376.61 367.26 356.70 344.25 330.40 315.11 297.79 277.98 255.62 230.80 204.25 176.52 145.63 110.28 77.42 -9999 -9999
455.44 460.07 465.14 470.06 474.00 476.01 478.16 480.41 482.32 484.66 487.02 488.65 489.77 490.83 494.44 496.59 498.56 499.75 500.51 501.00 500.99 500.37 500.02 499.60 498.35 495.55 494.36 492.53 489.97 489.94 490.20 490.21 489.50 490.11 489.08 488.16 486.44 484.66 482.32 479.82 476.91 473.54 468.98 464.09 458.48 452.17 445.65 438.72 432.97 427.66 423.02 419.05 415.29 411.40 406.70 401.68 395.32 388.13 379.39 368.88 356.85 343.43 328.43 311.69 292.92 272.14 249.73 226.01 201.09 171.03 131.90 94.17 -9999 -9999
468.63 473.65 478.73 483.71 487.55 489.72 491.86 494.26 496.82 498.24 499.17 500.20 500.96 501.85 502.05 502.84 502.99 504.94 505.16 504.83 506.39 507.81 508.52 507.40 506.75 504.64 503.73 502.56 501.37 500.16 500.15 499.83 499.15 498.14 498.85 496.88 495.61 493.76 492.11 489.38 486.38 483.73 479.06 474.63 468.96 463.59 456.43 450.52 444.43 439.43 435.21 431.19 426.79 423.12 418.03 412.99 406.83 399.23 390.59 380.44 368.81 355.60 341.04 324.81 306.85 287.37 266.42 244.21 219.84 188.15 148.74 108.34 69.89 -9999
481.17 486.08 491.03 495.57 499.19 501.78 504.07 506.44 509.15 510.19 510.80 511.36 512.02 512.20 512.83 512.90 514.58 514.33 515.46 515.75 515.19 515.17 515.01 514.63 513.22 513.96 513.33 512.23 511.82 510.27 508.99 509.44 508.77 507.83 506.57 504.67 504.82 503.21 501.11 498.22 495.93 492.53 489.22 484.37 478.40 473.27 467.97 462.00 455.90 451.07 447.08 443.32 438.57 434.52 429.82 423.75 416.89 410.09 401.05 391.27 380.03 367.16 352.85 337.19 319.84 301.02 280.69 258.97 235.18 203.09 162.82 122.19 84.28 -9999
493.08 497.76 502.38 506.53 509.98 512.65 514.87 516.79 518.34 520.30 521.66 522.69 523.08 523.62 523.17 523.81 524.53 525.14 525.28 524.89 525.06 524.42 524.09 523.31 522.38 522.64 521.99 521.10 520.18 519.33 518.40 517.30 516.17 517.00 515.34 514.04 512.23 510.64 510.06 507.37 504.28 499.79 496.32 492.88 488.72 484.23 479.51 473.76 467.88 463.29 459.29 454.63 449.96 445.16 440.48 434.13 427.65 419.79 410.78 401.34 389.96 377.57 363.58 348.19 331.23 313.08 292.91 270.72 245.23 212.86 174.71 135.39 98.23 65.85
504.25 508.69 513.00 517.07 520.20 522.76 525.09 527.12 528.46 530.60 532.20 533.00 533.91 534.08 534.72 534.75 535.03 535.63 535.06 534.80 534.40 534.03 533.97 533.06 532.08 531.68 530.80 529.52 528.26 527.49 526.34 524.96 522.95 520.38 517.96 515.23 520.22 518.48 515.65 513.50 511.30 507.95 505.57 502.16 498.83 495.19 489.92 485.49 480.20 475.76 471.08 466.29 460.79 455.68 450.89 444.20 437.31 429.29 420.61 410.56 399.93 387.63 373.79 358.78 342.20 323.66 303.41 280.68 254.95 222.54 185.65 147.51 110.16 75.82
514.85 518.86 523.47 527.30 530.02 532.31 534.70 537.49 540.63 541.48 542.57 543.64 544.30 545.08 545.44 545.40 545.22 545.37 545.51 544.94 544.67 543.88 543.45 542.32 541.73 541.23 540.04 538.31 536.69 536.62 536.16 534.73 532.95 530.64 528.22 524.81 522.51 520.73 518.22 515.83 512.32 510.71 508.59 507.44 507.02 504.17 501.33 498.13 494.05 488.63 483.25 477.50 471.52 465.99 460.55 453.64 446.67 438.50 429.75 420.03 409.39 397.13 384.04 369.13 352.44 334.05 313.42 290.23 263.44 232.04 196.76 159.58 121.89 85.24
524.94 528.85 533.69 537.56 539.59 541.21 543.48 546.41 549.27 551.16 552.50 553.51 554.37 555.23 555.87 556.34 556.60 556.26 555.83 554.88 554.46 553.77 552.89 552.17 551.74 551.01 550.05 548.49 546.83 546.98 546.29 544.90 542.81 540.26 537.65 534.76 531.74 528.92 526.00 523.98 521.07 519.04 517.43 515.83 513.81 512.32 510.92 509.50 506.74 500.67 493.65 487.37 481.11 475.33 469.32 462.27 454.94 447.04 438.03 428.62 418.74 407.01 393.70 378.76 362.64 344.13 323.61 300.34 273.60 242.95 208.93 172.87 135.88 99.42
534.64 538.20 544.48 548.60 549.13 549.44 551.59 554.66 557.88 560.41 562.10 563.37 564.45 565.46 566.41 567.23 567.65 567.21 566.36 565.13 564.17 563.42 562.30 561.61 561.22 561.14 560.88 560.50 559.70 558.59 557.19 555.50 553.39 550.70 547.57 544.24 541.16 537.58 534.77 531.87 530.31 527.36 525.56 523.62 521.81 520.67 519.85 519.30 517.38 510.77 503.15 495.76 488.81 481.90 476.92 469.66 462.66 454.48 446.09 437.19 427.02 415.92 403.11 388.84 372.60 354.55 334.25 311.44 285.48 255.57 222.83 188.19 152.53 117.12
546.25 547.00 557.72 561.85 559.33 556.85 560.29 563.39 567.29 569.83 571.51 572.84 574.04 575.18 576.43 577.75 578.69 577.98 576.59 575.23 573.92 572.51 571.43 570.82 570.56 570.81 571.40 572.06 571.71 569.90 567.99 565.97 563.71 560.76 557.55 553.50 550.47 547.01 544.48 541.59 538.50 535.05 532.57 530.61 528.50 527.33 526.63 526.28 524.62 518.11 510.64 503.45 496.37 489.28 483.38 476.51 469.35 461.87 454.35 445.92 436.08 425.31 412.76 398.84 382.80 364.92 345.01 322.96 298.24 269.38 238.28 205.44 171.53 136.93
563.60 568.54 574.75 575.00 571.93 569.57 571.88 575.59 578.28 579.54 580.69 581.86 583.00 584.24 585.62 587.06 588.37 587.51 586.01 584.68 583.30 581.99 580.46 579.38 579.22 579.69 580.83 581.86 581.57 579.99 577.91 575.96 573.58 570.72 566.88 562.99 559.58 556.82 554.31 551.33 547.70 543.63 539.29 536.63 534.16 532.76 531.53 530.21 527.97 522.42 516.31 509.73 502.93 495.91 489.35 482.90 476.15 469.27 461.69 453.77 444.41 434.13 422.22 408.81 393.31 375.91 356.28 334.44 310.32 283.79 255.05 224.58 192.48 159.14
581.85 588.39 591.28 588.64 585.56 583.66 584.22 586.74 588.23 588.51 589.19 590.13 591.23 592.44 593.68 594.84 595.49 595.17 594.12 592.96 591.70 590.36 588.88 587.67 587.41 587.74 589.03 590.85 590.19 589.19 586.60 585.20 584.02 581.10 576.61 571.94 568.31 565.76 564.27 561.89 557.44 551.64 545.84 541.28 538.88 537.14 535.24 532.18 528.09 524.76 520.80 515.63 509.20 501.77 494.43 489.01 482.75 476.20 469.23 461.74 453.15 443.30 432.00 419.11 404.27 387.23 367.88 346.42 323.39 299.16 273.07 245.01 215.21 184.00
597.13 601.63 602.65 600.59 597.75 595.58 594.76 595.00 595.62 596.24 596.90 597.78 598.88 599.97 601.06 601.86 602.32 602.13 601.46 600.45 599.19 597.97 596.52 595.43 594.81 594.78 595.43 596.30 596.39 595.77 593.71 593.25 592.89 591.26 585.33 579.91 576.61 574.20 574.47 573.48 567.81 560.48 552.18 545.65 543.40 541.80 539.62 535.85 530.08 527.40 525.68 522.30 515.85 507.71 499.83 494.12 488.43 482.66 476.58 469.66 461.37 452.03 441.51 429.48 415.42 399.12 380.23 358.82 337.00 315.58 292.10 266.64 239.44 210.42
610.20 613.45 613.22 611.06 608.22 605.66 603.85 602.77 602.66 603.19 603.95 604.91 605.93 607.00 607.88 608.61 608.89 608.75 608.12 607.24 606.22 604.96 603.66 602.34 601.46 600.76 600.45 600.58 600.63 600.38 599.90 599.45 598.81 596.70 592.51 588.14 585.04 583.01 583.23 582.30 576.48 568.73 559.05 550.41 549.09 547.30 544.83 542.08 535.71 530.73 531.66 530.68 522.71 512.84 504.62 498.56 493.55 488.72 483.51 477.30 469.27 460.26 450.64 439.70 426.75 411.39 393.53 373.20 352.74 333.21 311.57 288.45 264.09 237.68
621.96 624.01 622.81 620.34 617.34 614.34 611.90 610.41 609.70 609.73 610.56 611.61 612.69 613.61 614.54 614.88 615.17 615.05 614.57 613.58 612.61 611.44 610.09 608.81 607.53 606.24 604.81 603.49 604.06 604.75 604.89 604.66 603.81 601.96 599.11 595.93 593.60 591.88 590.74 588.62 584.02 577.15 568.97 561.88 557.56 554.12 550.23 545.38 540.15 537.50 537.25 535.61 528.07 517.44 509.66 503.00 498.72 494.35 490.44 484.94 476.19 467.11 458.69 449.16 437.14 423.10 406.39 388.95 370.27 351.02 329.97 308.79 287.92 264.86
631.24 632.67 631.09 628.54 625.41 622.03 618.79 616.50 615.39 615.62 616.81 618.07 619.10 620.00 620.61 621.17 621.42 621.02 620.57 619.84 618.83 617.63 616.47 614.90 613.46 611.98 610.05 607.93 608.66 609.51 609.79 609.37 608.61 607.17 605.07 602.83 601.05 599.20 597.68 595.55 591.93 586.36 579.28 572.42 566.80 561.90 556.84 550.93 545.82 543.93 542.02 538.57 532.27 524.19 516.59 510.27 504.96 500.34 496.31 490.86 481.79 472.57 464.79 456.10 444.26 431.61 414.69 399.75 382.35 366.00 344.43 324.80 308.11 290.17
