salem-test/grid/02_surface_Academy_1997_UTM47.asc
ncols         275
nrows         292
xllcorner     346439.5277
yllcorner     8883561.234967
cellsize      500
NODATA_value  -9999
[rows 132 to 164 of 292, columns 148 to 221 of 275]
637.77 638.97 638.07 635.86 632.90 629.29 625.13 620.60 619.43 621.52 623.23 624.64 625.65 626.35 626.74 627.02 627.28 627.04 626.59 625.65 624.69 623.73 622.24 621.08 619.65 618.18 616.66 615.53 615.08 615.04 614.77 614.33 613.52 612.30 610.67 608.74 607.03 605.80 604.26 602.24 599.73 595.85 588.66 581.75 575.69 570.13 564.70 559.22 554.44 550.86 547.40 542.96 536.98 530.14 523.28 517.07 511.53 505.92 500.53 494.09 485.93 477.20 468.22 458.24 446.33 432.36 416.01 398.77 384.56 370.14 352.96 335.81 319.76 301.60
643.68 644.94 644.45 642.74 640.17 637.04 633.14 627.98 626.75 629.13 630.45 631.36 632.01 632.50 632.85 633.16 633.19 632.85 632.22 631.43 630.48 629.33 628.19 626.92 625.59 624.51 623.48 622.60 621.55 620.75 620.02 619.40 618.20 617.09 615.46 614.17 612.76 611.21 609.38 607.82 605.52 602.12 596.00 589.65 583.71 578.14 572.80 567.59 562.49 557.89 553.22 547.98 542.03 535.45 528.99 522.64 516.74 510.54 504.20 497.06 488.88 479.99 470.07 459.03 446.34 431.79 415.37 397.95 384.56 371.69 357.07 341.49 325.07 306.36
649.83 650.92 650.60 649.23 647.30 645.11 643.05 641.76 640.38 638.96 638.44 638.26 638.42 638.64 638.71 638.86 638.97 638.57 637.97 636.82 635.78 634.79 633.61 632.45 631.46 630.54 629.85 629.03 627.56 626.30 625.02 623.96 622.71 621.54 620.13 618.81 617.05 615.93 614.05 611.90 609.72 606.08 601.40 596.01 590.72 585.49 580.39 575.35 569.94 564.33 558.88 552.98 546.72 540.25 533.65 527.23 520.82 514.52 507.31 499.63 490.99 481.68 471.05 459.23 445.91 431.10 415.24 399.57 385.68 372.65 358.95 344.13 327.69 308.97
656.57 657.04 656.44 655.28 653.88 652.60 651.84 652.24 650.83 647.72 645.85 644.84 644.43 644.21 644.30 644.52 644.65 644.16 643.09 641.99 640.97 640.05 638.85 637.95 636.86 635.92 635.25 634.52 632.72 631.16 629.99 628.52 626.90 625.39 624.25 622.78 621.22 619.69 617.89 615.64 612.87 609.91 605.81 601.29 596.53 591.82 587.18 582.41 576.78 570.38 563.86 557.37 550.84 544.11 537.41 530.66 524.18 517.35 509.61 501.52 492.61 482.81 471.61 459.18 445.41 430.40 414.67 399.42 385.80 373.01 359.81 345.38 329.21 310.77
663.53 662.71 661.66 660.47 659.47 658.58 658.08 657.73 656.39 654.10 652.10 650.65 649.79 649.41 649.25 649.40 649.84 649.36 647.92 646.69 645.74 644.71 643.83 643.01 642.10 640.96 639.41 638.11 637.22 636.04 634.56 632.75 630.96 629.70 627.78 625.61 624.45 623.07 620.89 618.41 616.18 612.71 609.26 605.26 601.26 597.07 592.87 588.50 582.78 575.46 568.26 561.20 554.44 547.27 540.65 533.20 526.52 519.27 511.83 503.02 493.72 483.60 472.01 459.25 445.11 429.74 413.57 397.92 385.06 372.98 360.32 346.35 330.57 312.62
668.56 667.07 665.71 664.71 663.80 663.16 662.65 662.00 660.72 658.87 656.98 655.44 654.34 653.69 653.45 653.44 653.45 652.96 651.86 650.81 649.88 649.18 648.40 647.85 647.24 646.24 644.41 642.74 642.08 640.65 638.71 636.79 634.64 632.70 630.58 629.49 627.16 625.68 623.87 621.28 618.25 615.35 612.01 608.24 604.56 600.74 596.93 592.98 587.25 579.30 571.59 564.15 556.53 549.54 542.13 535.41 528.12 520.84 512.73 504.33 494.54 483.99 472.30 459.45 445.28 429.71 413.00 396.77 384.62 373.21 361.03 347.49 332.21 315.03
670.90 669.60 668.51 667.59 667.01 666.65 666.28 665.53 664.33 662.75 660.99 659.43 658.22 657.46 656.95 656.74 656.46 655.94 655.15 654.37 653.64 653.07 652.58 652.39 652.27 652.16 651.66 649.99 647.64 645.21 642.86 640.61 638.36 636.10 634.02 631.82 630.03 628.25 625.58 623.41 620.29 616.74 613.26 610.03 606.85 603.21 599.42 594.98 589.07 581.52 573.74 565.66 558.20 550.53 543.22 535.87 528.76 521.20 513.28 504.85 495.04 484.22 472.49 459.91 446.03 430.48 413.48 397.40 385.23 374.07 362.24 349.09 334.29 317.73
671.57 670.69 669.81 669.31 669.19 669.33 669.42 668.98 667.79 666.09 664.25 662.63 661.39 660.52 659.98 659.60 659.20 658.71 658.02 657.51 656.88 656.53 656.20 656.29 656.63 657.28 657.96 656.19 652.72 649.59 646.88 644.26 642.22 639.94 637.59 635.17 632.56 630.39 627.42 624.15 620.60 617.41 613.92 610.74 607.54 604.24 600.43 595.92 589.97 582.46 574.32 566.47 558.35 550.88 543.46 535.86 528.21 520.57 512.88 504.58 494.90 483.69 472.17 460.12 447.27 432.29 415.00 398.38 386.80 375.72 363.97 351.09 336.76 320.73
671.37 670.46 670.01 670.04 670.53 671.29 672.14 672.67 671.21 668.87 666.81 665.20 663.99 663.16 662.56 662.21 661.85 661.36 660.82 660.24 659.68 659.40 659.34 659.45 659.99 660.87 661.63 659.64 656.01 652.72 649.90 647.63 645.25 643.13 640.40 637.69 634.81 632.13 628.17 624.92 621.26 617.53 613.96 610.67 607.49 604.08 600.52 595.98 590.01 582.52 574.36 565.98 558.23 550.56 542.40 534.49 527.18 519.20 511.17 502.64 492.98 482.11 470.84 459.36 447.94 434.45 416.80 401.56 389.20 377.82 366.03 353.37 339.41 323.95
670.05 669.40 669.46 670.13 671.25 672.60 673.95 674.94 673.25 670.67 668.64 667.19 666.16 665.42 664.93 664.66 664.46 664.05 663.42 662.66 662.19 661.88 661.84 661.88 662.11 662.55 663.33 660.96 657.57 654.74 652.16 650.12 647.94 645.70 643.11 640.07 636.99 633.29 629.31 625.41 621.18 617.33 613.49 609.82 606.30 603.01 599.42 595.18 589.26 581.57 573.33 564.95 557.07 548.69 540.78 533.08 525.01 516.86 508.46 499.76 489.90 479.29 468.24 456.80 444.82 431.13 415.50 401.86 390.82 379.66 367.73 355.42 341.76 326.75
668.06 668.08 668.80 670.04 671.82 673.71 675.09 675.28 673.68 671.44 669.87 668.92 668.21 667.60 667.19 667.11 667.21 667.02 666.13 665.04 664.36 664.13 664.10 664.03 663.55 662.56 660.95 659.60 657.83 655.73 653.95 652.17 650.48 648.29 645.43 642.33 638.55 634.61 629.93 625.60 621.04 616.49 612.10 608.15 604.39 600.87 597.42 593.27 587.41 579.72 571.48 562.97 554.62 546.88 538.45 530.60 522.27 513.81 505.19 496.18 486.22 475.76 464.61 452.90 440.18 426.17 411.16 398.61 391.30 380.31 368.28 356.09 342.90 328.54
667.54 667.87 669.26 670.62 673.14 675.51 676.91 676.60 674.26 671.76 671.00 670.90 670.54 669.97 669.56 669.61 670.25 670.66 668.90 667.26 666.53 666.42 666.52 666.32 665.46 663.43 660.10 659.14 657.91 656.46 655.15 654.02 652.77 650.88 648.27 644.61 640.51 635.55 630.72 625.62 620.47 615.21 610.21 605.55 601.35 597.70 594.34 590.49 584.71 576.85 568.50 560.09 551.95 543.66 535.54 527.39 518.86 510.35 501.61 492.21 482.29 471.74 460.64 448.74 435.85 421.79 406.80 393.60 387.26 378.41 367.57 355.87 343.18 329.51
672.36 672.40 673.28 674.43 676.85 679.22 680.57 679.76 676.31 671.93 673.23 674.12 673.81 673.01 672.45 672.25 673.74 674.04 671.87 669.34 668.89 669.24 669.51 669.44 668.76 666.76 663.58 661.01 659.02 657.34 656.53 655.97 655.39 653.96 651.12 647.19 642.30 636.92 631.18 625.41 619.60 613.56 607.63 602.10 597.28 593.36 590.15 586.58 580.85 573.05 564.75 556.52 548.34 540.12 531.88 523.73 515.08 506.27 497.49 488.02 478.06 467.64 456.56 444.91 432.33 418.99 405.30 393.55 385.09 376.44 366.35 355.22 343.11 330.01
680.34 680.06 680.61 681.80 683.62 685.45 686.43 685.45 682.11 678.78 678.58 678.98 678.59 677.84 677.39 677.16 679.30 679.49 676.46 672.06 672.74 673.28 673.68 673.53 673.58 672.23 667.56 664.26 661.11 658.57 658.05 658.01 658.34 657.46 654.43 649.85 644.00 637.84 631.64 625.17 618.48 611.54 604.66 598.04 592.20 587.82 584.90 582.02 576.32 568.28 559.91 552.01 544.18 536.19 527.95 519.47 510.82 502.21 492.88 483.38 473.56 463.36 452.58 441.30 429.43 417.16 404.82 393.43 384.70 375.62 365.70 354.86 343.22 330.57
688.39 688.24 688.74 689.73 691.20 692.77 693.79 693.21 690.12 687.32 685.85 685.20 684.71 684.34 684.44 685.46 687.38 686.96 683.58 680.44 679.33 679.29 679.44 679.53 679.46 677.98 673.46 669.85 665.52 661.94 661.04 660.64 661.40 661.22 657.40 652.43 645.26 638.26 631.88 625.07 617.38 609.48 601.69 593.79 586.17 580.88 578.78 577.14 571.07 562.40 554.31 546.85 539.57 531.96 523.69 515.09 506.51 497.50 488.21 478.62 468.93 458.95 448.70 437.96 426.91 415.84 405.19 395.09 385.17 375.26 364.87 353.95 342.65 330.80
695.50 695.90 696.55 697.28 698.60 700.22 701.34 700.62 697.96 695.19 693.21 691.99 691.30 691.03 691.40 692.63 694.80 694.23 690.71 688.02 686.54 686.00 685.91 685.98 685.91 685.16 682.64 677.19 672.09 668.15 665.78 664.39 663.54 661.85 658.20 652.82 645.77 638.58 631.97 624.98 616.54 607.64 599.47 590.61 580.07 572.59 572.27 572.44 565.05 555.27 547.80 541.32 534.95 527.77 519.20 510.35 501.76 492.84 483.13 473.39 464.06 454.75 444.97 434.72 424.27 414.06 404.57 395.40 385.24 374.80 363.78 352.55 341.65 330.52
701.29 702.10 702.93 703.69 705.05 706.94 708.82 707.92 704.91 702.07 699.96 698.53 697.66 697.32 697.49 698.09 698.62 698.14 696.38 694.52 693.23 692.55 692.27 692.19 692.11 691.73 689.19 683.70 678.22 673.73 670.23 667.57 665.24 662.17 658.00 652.45 645.85 638.90 631.74 624.23 615.98 607.37 598.70 589.33 578.34 569.91 569.25 567.63 558.70 547.12 541.84 535.94 530.61 524.24 514.47 504.70 496.81 488.42 477.89 467.56 459.14 450.69 441.26 431.40 421.23 411.35 402.27 393.39 384.31 374.17 362.13 350.11 340.00 329.98
705.86 706.79 707.69 708.64 709.96 711.78 713.97 713.11 710.21 707.74 705.80 704.43 703.51 703.02 702.86 702.86 702.52 702.15 701.28 700.14 699.20 698.58 698.14 697.78 697.28 696.58 694.05 688.58 683.15 678.21 673.99 670.15 666.55 662.53 657.68 652.02 645.62 638.70 631.50 623.90 615.91 607.65 599.30 590.67 582.24 576.01 572.57 567.83 558.11 547.11 539.06 532.13 526.01 519.22 509.11 499.08 491.58 483.57 472.70 462.10 454.33 446.35 437.19 427.74 417.81 407.89 399.58 390.87 382.59 373.75 359.60 345.80 337.69 329.35
709.55 710.61 711.51 712.38 713.36 714.46 715.33 715.07 713.71 712.12 710.73 709.62 708.77 708.14 707.71 707.51 707.36 706.67 705.89 705.17 704.54 704.02 703.50 702.77 701.50 699.21 696.07 691.95 687.01 681.89 676.92 672.34 667.77 662.85 657.55 651.65 645.18 638.33 631.12 623.69 616.02 608.28 600.65 593.14 586.51 581.46 577.76 572.01 560.54 548.29 537.75 528.83 520.78 512.56 503.44 494.35 485.86 477.22 467.57 458.17 449.57 441.26 432.48 423.43 414.22 405.40 397.22 388.74 379.22 368.77 356.38 344.45 334.89 325.83
712.64 713.83 714.66 715.27 715.74 716.12 716.33 716.53 716.27 715.67 714.96 714.25 713.53 712.78 712.03 711.43 711.39 710.55 710.05 709.68 709.32 708.95 708.41 707.52 705.84 702.72 699.16 695.30 690.14 684.64 679.09 673.89 668.50 663.04 657.39 651.23 644.71 637.88 630.79 623.47 616.10 608.83 601.76 595.29 589.56 584.90 581.14 575.47 561.38 547.57 535.39 524.80 515.40 506.46 497.65 488.77 480.14 471.32 462.37 453.34 444.74 436.08 427.50 418.70 410.02 401.62 393.66 384.93 374.47 363.50 352.26 341.26 331.37 322.15
715.23 716.61 717.41 717.69 717.65 717.46 717.45 718.04 718.57 718.79 718.76 718.51 717.99 717.12 716.01 714.59 712.93 713.62 713.78 713.75 713.63 713.39 712.98 712.21 710.76 708.29 704.26 699.05 693.21 687.00 680.87 675.01 668.95 662.99 656.93 650.68 644.04 637.11 630.20 623.07 615.95 609.02 602.45 596.43 590.80 585.70 580.41 571.87 558.51 544.29 531.19 519.70 509.67 500.53 491.62 482.96 474.36 465.60 456.99 448.12 439.49 430.85 422.21 413.58 404.99 396.52 388.11 378.81 368.49 357.73 346.88 336.53 327.21 317.78
717.47 719.32 720.06 719.93 719.42 718.85 718.70 719.82 720.93 721.76 722.36 722.61 722.35 721.46 720.04 718.45 717.46 717.12 717.37 717.51 717.49 717.32 717.05 716.55 715.52 713.51 708.92 702.47 695.61 688.65 682.00 675.47 669.12 662.94 656.61 650.11 643.52 636.51 629.35 622.12 615.26 608.62 602.19 596.23 590.37 584.34 577.53 567.54 553.33 538.71 525.16 513.46 503.31 494.21 485.51 477.10 468.58 460.25 451.60 442.91 434.21 425.46 416.73 407.87 399.19 390.54 381.87 372.13 361.75 351.13 340.81 331.32 321.91 312.27
719.50 722.38 722.86 722.13 721.26 720.57 720.59 722.20 723.52 724.68 725.88 726.75 726.80 725.89 724.13 721.98 720.49 720.51 720.85 720.99 720.84 720.60 720.40 720.14 719.45 717.54 712.37 704.99 697.11 689.38 682.20 675.37 668.86 662.46 656.18 649.71 642.91 635.63 628.36 621.13 614.20 607.59 601.49 595.24 588.93 581.81 573.07 561.35 546.77 531.47 517.60 506.14 496.66 487.92 479.70 471.34 463.33 454.93 446.51 437.65 428.94 419.98 410.94 401.70 392.63 383.68 375.09 365.09 354.27 343.77 334.22 324.99 315.79 306.43
721.60 726.48 725.57 724.08 723.29 722.80 724.05 725.56 726.28 727.30 729.26 730.99 731.40 730.44 728.22 725.43 723.45 723.80 724.25 724.21 723.62 722.99 722.72 722.63 722.19 720.39 714.51 706.17 697.43 689.08 681.45 674.45 667.92 661.85 655.65 649.11 642.38 634.93 627.24 619.66 612.75 606.32 599.99 593.63 586.85 579.10 569.24 556.06 540.17 523.40 508.64 498.39 490.07 481.92 474.15 466.09 458.21 449.77 441.39 432.60 423.83 414.48 405.20 395.43 385.59 375.70 366.26 356.08 345.24 336.22 327.06 317.90 309.29 300.12
723.11 727.17 727.19 726.26 726.10 726.60 728.71 729.44 729.02 729.11 732.41 735.33 735.61 734.90 731.91 728.75 727.04 727.00 727.51 727.23 725.59 724.15 723.79 723.90 723.57 721.59 715.07 705.98 696.42 687.47 679.67 672.84 666.63 660.67 655.01 648.94 642.10 634.34 625.80 617.75 610.89 604.62 598.35 591.86 584.80 576.86 566.66 552.18 534.76 516.18 499.96 491.94 484.43 477.09 469.34 461.74 453.57 445.35 436.68 428.00 418.75 409.60 399.65 389.54 378.70 367.24 355.10 344.76 336.21 328.46 319.87 310.89 302.66 293.41
723.85 726.91 728.22 728.59 729.08 730.31 731.80 731.95 731.96 732.69 734.97 737.24 737.57 736.88 733.51 730.14 728.51 729.00 730.04 730.31 726.43 723.71 723.68 724.06 723.37 721.34 714.15 704.64 694.31 684.71 677.28 670.95 665.00 659.55 654.47 648.97 642.50 634.21 624.19 615.04 608.58 602.83 596.65 589.87 582.54 574.50 564.92 549.43 531.31 512.60 497.94 488.65 480.61 473.19 465.40 457.75 449.54 441.46 432.67 423.71 414.36 404.89 394.90 384.25 372.88 360.59 347.13 336.57 329.16 320.85 313.12 304.34 296.69 288.10
724.54 727.39 729.26 730.39 731.23 732.00 732.91 733.83 734.46 735.32 736.58 737.57 737.45 735.92 732.86 729.26 727.26 728.29 729.88 729.94 726.35 723.41 723.41 723.67 721.77 717.70 711.63 702.91 692.09 680.77 675.07 669.07 663.39 657.93 653.54 648.65 642.40 634.96 622.41 611.32 606.77 601.73 595.26 588.04 580.12 571.23 561.94 546.74 529.20 512.51 498.23 487.21 478.49 470.17 462.50 454.36 446.15 437.70 429.02 419.89 410.50 400.74 390.50 379.82 368.67 356.63 344.41 333.61 324.36 315.62 306.27 298.98 290.08 281.33
725.33 728.23 730.41 731.97 733.05 733.75 734.53 735.63 736.40 737.05 737.63 737.78 737.08 735.21 732.12 728.20 725.47 727.07 728.35 728.21 726.45 724.64 723.79 722.89 720.63 716.28 709.84 701.27 691.34 681.81 674.62 668.37 662.57 657.14 652.16 646.76 640.44 632.32 622.13 612.87 606.61 600.87 594.28 586.80 578.27 568.12 557.63 543.32 526.59 510.84 497.02 485.86 476.86 468.58 460.59 452.19 444.01 434.71 425.87 416.50 407.15 397.19 387.14 376.64 365.85 354.58 343.00 331.90 321.45 311.34 301.63 292.84 283.47 275.07
726.21 729.24 731.62 733.47 734.86 736.01 736.86 737.47 738.00 738.33 738.37 738.02 736.98 735.12 732.30 728.76 726.48 727.00 727.59 727.33 726.21 724.94 723.70 722.32 720.15 716.16 708.89 700.19 690.98 682.11 674.78 668.13 661.95 656.25 650.62 644.66 638.18 630.59 621.96 614.07 607.14 600.67 593.86 586.28 577.63 567.50 555.29 540.29 523.41 506.59 493.81 484.54 476.07 467.55 459.17 450.45 441.54 432.66 423.68 414.32 404.61 394.74 384.32 373.81 363.36 353.17 343.16 331.52 319.36 307.80 296.76 286.01 276.79 267.97
727.12 730.33 732.96 734.99 736.45 737.68 738.54 739.02 739.32 739.32 738.96 738.23 737.11 735.54 733.50 730.73 728.18 728.03 727.57 726.85 725.76 724.46 723.00 721.26 718.90 714.96 707.41 698.85 690.06 681.47 674.43 667.54 661.10 655.01 649.00 642.85 636.36 629.09 621.53 614.39 607.51 600.68 593.74 586.20 577.73 567.67 554.74 538.80 521.57 504.20 492.47 484.61 476.40 467.62 458.40 449.02 439.83 430.47 421.14 411.92 402.03 391.74 381.39 370.89 360.65 351.17 342.16 330.06 316.76 304.23 292.37 281.22 270.59 261.17
728.04 731.47 734.32 736.52 737.93 738.49 739.45 740.31 740.47 740.10 739.33 738.27 737.08 735.82 734.92 734.48 732.38 729.51 727.69 726.18 724.83 723.31 721.61 719.44 716.43 711.74 704.89 696.87 688.49 680.26 673.59 666.50 659.80 653.36 647.08 641.08 634.68 627.76 620.72 613.70 607.29 600.55 593.63 586.28 578.12 568.35 554.79 538.40 521.57 506.22 495.06 486.85 478.20 468.51 458.40 448.06 438.05 428.40 419.14 409.49 399.50 389.19 378.38 367.39 356.78 347.33 338.44 326.49 313.15 300.29 288.43 277.01 266.14 255.55
728.86 732.53 735.74 738.32 740.09 740.52 741.40 741.99 741.63 740.73 739.46 738.00 736.45 735.11 734.40 735.00 732.98 729.27 726.79 724.96 723.31 721.58 719.55 717.08 713.68 708.73 701.96 694.22 686.21 678.32 672.03 664.95 658.20 651.74 645.42 639.29 632.79 626.31 619.50 613.00 606.72 600.37 593.40 586.08 578.03 568.69 554.67 538.08 521.66 507.24 497.54 490.57 481.00 469.90 458.44 447.14 436.42 426.45 417.10 407.80 397.55 386.75 375.44 363.60 351.58 341.42 333.17 321.85 308.49 295.71 284.56 273.63 262.21 251.14
729.35 733.30 736.92 740.18 742.97 745.02 744.92 743.94 742.61 741.05 739.19 737.28 735.19 733.14 731.25 729.47 728.27 726.51 724.69 722.88 721.20 719.23 716.99 714.29 710.84 705.72 698.75 691.26 683.57 675.80 669.63 662.83 655.89 649.85 643.20 636.74 630.60 624.44 618.48 612.14 606.03 599.43 592.59 585.39 577.13 566.86 553.21 537.25 521.00 506.37 497.94 495.07 482.81 470.69 458.22 446.15 434.62 424.04 415.52 406.65 395.85 384.45 372.76 360.28 345.43 333.31 326.93 316.94 303.38 290.31 281.06 271.33 259.19 247.04
