salem-test/grid/02_surface_Academy_1997_UTM47.asc
ncols         275
nrows         292
xllcorner     346439.5277
yllcorner     8883561.234967
cellsize      500
NODATA_value  -9999
[rows 198 to 230 of 292, columns 148 to 221 of 275]
595.50 597.07 598.28 599.46 599.83 600.43 601.72 603.61 605.93 608.64 611.72 614.97 617.85 618.03 610.70 599.89 588.83 578.40 568.80 560.06 552.18 544.76 537.82 531.67 526.24 521.44 517.33 513.58 509.47 503.97 497.33 489.58 481.62 473.93 467.93 463.57 461.38 460.19 458.32 454.42 448.97 442.95 436.31 430.46 426.95 424.90 423.66 423.80 425.47 425.32 419.60 410.05 393.90 393.25 394.99 397.17 398.80 398.45 381.66 368.29 366.34 361.41 342.29 327.48 329.88 335.70 328.86 316.88 295.60 277.13 268.72 264.87 261.98 257.39
589.34 590.90 592.29 594.02 594.95 596.34 598.40 600.88 603.61 606.50 609.40 612.00 613.87 613.80 607.45 598.66 589.14 579.59 570.33 561.58 553.41 545.47 538.21 532.20 526.80 521.80 517.06 512.62 507.55 502.04 495.54 488.63 481.47 474.74 469.57 465.28 462.04 459.45 456.17 450.86 445.49 440.35 433.85 427.91 425.37 424.02 423.29 423.12 422.80 420.98 415.99 407.97 399.53 396.02 395.86 396.62 396.81 392.80 380.72 369.39 364.40 356.74 338.99 325.06 327.26 332.62 328.65 319.77 292.72 267.92 266.17 264.60 264.08 260.86
583.39 584.52 585.28 586.13 588.39 591.28 594.31 597.44 600.57 603.56 606.10 607.82 607.94 606.15 602.48 596.29 588.55 580.14 571.54 563.04 554.85 546.67 539.27 533.30 527.82 522.65 517.47 512.34 506.97 501.12 494.88 488.33 481.95 476.76 471.28 466.76 463.05 459.90 456.67 452.99 447.75 440.57 433.16 427.44 425.16 424.02 423.15 422.09 420.63 417.94 413.35 407.39 401.66 397.79 395.86 394.48 391.91 386.44 377.41 367.56 358.37 346.90 332.29 320.42 319.02 321.37 319.24 309.84 292.53 276.66 270.32 268.06 266.90 263.31
577.85 578.47 578.60 578.96 582.05 586.05 589.92 593.59 597.07 600.15 602.56 603.82 603.21 600.95 598.61 593.87 587.60 580.32 572.54 564.55 556.58 548.27 540.70 534.95 529.45 523.97 518.32 512.86 507.02 501.27 494.84 488.70 482.68 478.00 472.90 468.33 464.45 461.04 458.01 455.48 450.67 442.20 434.36 428.45 426.55 425.20 423.83 421.89 419.40 416.18 411.83 406.88 402.07 398.02 394.95 391.89 387.79 381.64 373.43 363.62 352.86 340.13 325.73 313.11 311.28 313.03 311.68 305.17 294.60 284.37 277.45 273.41 270.22 264.99
572.91 573.13 572.99 573.43 576.79 581.26 585.63 589.67 593.40 596.65 599.16 600.66 600.74 599.34 596.53 592.22 586.73 580.43 573.46 566.19 558.69 550.66 542.82 537.63 531.78 525.80 519.99 513.84 507.96 501.49 495.53 489.29 483.64 479.38 474.53 469.85 465.87 462.12 458.84 455.63 450.87 444.10 437.35 432.37 429.85 427.86 425.41 422.58 419.31 415.35 411.05 406.45 401.82 397.67 393.77 389.37 384.38 378.02 370.02 360.61 349.63 336.94 322.50 309.77 308.22 309.78 308.91 304.57 297.91 290.75 284.60 279.70 275.07 269.71
568.45 568.63 568.55 569.00 572.62 577.15 581.57 585.72 589.56 593.03 595.89 597.90 598.78 597.97 594.96 590.89 585.90 580.22 574.36 567.99 561.38 554.54 547.82 541.48 535.00 528.14 521.61 515.09 508.56 502.31 496.10 490.13 484.79 480.40 476.12 471.48 467.36 463.32 459.43 455.80 451.78 446.99 441.88 437.70 434.96 431.84 428.25 424.37 420.04 415.45 410.68 406.07 401.52 396.84 392.59 387.87 382.47 375.93 368.14 359.27 349.16 337.81 325.21 313.28 311.58 311.93 310.70 307.51 302.52 297.06 291.57 286.67 281.38 275.86
564.24 564.61 565.00 566.34 569.43 573.50 577.68 581.70 585.50 589.10 592.37 595.00 596.48 596.00 593.35 589.46 584.72 579.76 574.59 569.24 564.06 558.78 553.02 545.64 537.93 530.46 523.60 516.13 509.63 502.88 496.98 491.14 486.05 482.02 477.90 473.50 469.25 465.03 460.71 456.04 453.38 451.82 449.25 445.82 442.01 437.38 432.30 427.03 421.74 416.20 410.78 405.68 401.20 396.74 392.28 387.22 381.59 375.19 368.02 359.94 351.35 342.35 333.67 326.39 321.27 318.54 316.14 312.78 308.68 303.84 298.83 293.60 288.41 283.12
560.07 560.50 561.17 562.81 566.02 569.87 573.65 577.27 580.87 584.61 588.29 591.65 594.05 594.07 591.30 587.14 582.84 578.52 574.13 569.87 565.52 561.68 556.99 548.76 540.41 532.27 524.38 517.22 510.26 503.68 497.85 491.98 487.09 483.23 479.56 475.81 471.80 467.99 463.97 459.66 458.69 459.67 458.95 455.94 450.67 444.08 437.21 430.61 423.96 417.43 411.15 405.97 401.47 397.29 392.68 387.57 381.87 375.68 369.09 362.18 355.06 348.27 342.26 337.10 331.21 327.02 323.47 319.85 315.67 311.06 306.22 301.23 295.74 290.18
555.35 555.83 556.35 558.23 561.93 565.99 569.24 572.12 575.42 579.12 583.09 587.18 591.07 591.88 588.14 583.80 579.85 575.94 572.44 569.12 565.55 562.35 557.66 550.09 541.45 532.73 525.04 517.37 510.65 504.01 498.32 493.11 488.36 484.68 481.78 478.04 474.81 471.67 469.40 468.10 468.62 470.47 471.81 468.70 460.86 451.55 442.89 435.04 427.47 419.19 411.73 406.37 402.55 398.73 394.23 388.81 383.11 377.22 371.10 365.27 359.54 354.22 349.25 344.33 339.77 335.62 331.72 327.62 323.21 318.71 313.95 308.83 303.21 297.04
549.41 549.99 549.68 551.41 556.74 561.80 563.94 565.65 568.77 572.51 576.43 580.43 584.61 586.06 582.12 578.54 575.10 572.17 569.41 566.92 563.98 561.75 557.65 549.84 541.34 532.95 524.99 517.92 511.27 505.46 499.76 495.04 490.66 487.31 484.46 482.14 479.01 476.90 475.18 475.70 478.30 481.92 486.39 483.61 471.76 458.90 448.86 440.19 433.08 421.52 412.64 407.32 404.81 401.98 396.95 391.07 385.30 379.41 373.85 368.79 364.53 360.50 356.30 351.91 348.08 344.28 340.18 335.70 330.90 326.19 321.75 316.72 310.46 303.58
540.63 541.09 540.67 542.64 548.92 555.42 556.64 557.44 561.17 564.95 568.56 571.58 573.35 573.67 573.28 571.55 569.44 566.97 565.20 563.22 560.87 559.56 556.13 547.42 538.24 530.14 522.49 515.82 509.50 503.68 498.64 494.10 490.02 488.08 485.17 483.85 482.38 480.74 479.81 480.59 487.12 494.85 500.27 496.21 483.45 468.93 457.58 447.61 440.58 425.09 415.93 409.34 409.11 407.74 401.21 394.42 388.69 382.84 377.44 372.62 369.84 367.18 363.52 359.93 356.03 352.60 348.52 343.83 338.04 332.96 329.56 324.82 316.80 309.02
529.77 529.96 529.86 531.57 537.51 543.40 547.07 549.90 553.41 557.13 560.47 563.02 563.94 563.84 564.65 564.30 562.96 561.92 559.83 558.34 555.04 553.58 551.41 541.94 533.77 526.10 519.53 513.12 507.02 501.51 496.69 493.59 490.12 487.86 486.24 485.79 484.91 484.65 485.06 487.24 496.99 508.50 516.35 508.21 495.35 481.42 468.68 457.37 446.68 434.95 425.02 418.63 415.31 411.90 406.26 399.96 393.95 388.15 382.82 378.03 375.50 372.91 368.61 365.38 362.26 359.84 355.75 351.46 344.46 338.12 336.68 333.27 322.26 312.19
519.03 519.12 518.83 520.47 526.24 532.41 537.47 541.68 545.66 549.27 552.64 555.44 557.71 557.52 557.60 557.70 556.90 556.04 554.26 550.21 547.09 542.04 536.65 532.62 527.36 521.24 515.55 509.28 504.23 498.84 495.06 491.77 488.57 487.34 487.16 486.49 486.87 488.27 490.94 496.35 506.97 518.59 523.98 517.48 505.34 492.00 478.93 466.84 455.31 444.40 435.02 427.79 422.23 417.28 411.85 406.24 400.61 395.04 389.92 385.54 381.67 377.13 371.28 367.90 366.81 364.78 361.23 356.48 350.52 345.07 340.94 335.73 326.44 317.08
509.50 509.63 509.32 510.36 516.68 523.05 528.56 533.51 537.85 541.87 545.17 547.77 549.94 550.82 551.22 551.01 551.06 549.89 548.26 544.04 540.18 533.61 526.81 525.47 521.72 516.48 510.98 505.15 500.38 495.85 491.94 488.94 486.49 485.04 486.08 486.30 487.73 490.98 495.91 502.93 514.41 526.09 532.44 524.20 512.71 500.08 487.25 475.09 463.75 453.33 444.15 436.47 430.33 424.31 418.93 413.19 407.94 402.62 397.71 393.24 389.06 384.05 377.22 373.68 373.01 370.73 366.76 361.84 356.12 350.40 344.38 338.38 329.70 320.68
501.24 501.73 502.51 504.84 509.40 515.15 520.87 526.04 530.77 534.46 538.31 540.93 543.37 544.11 545.43 545.30 545.00 544.32 542.57 538.65 535.72 531.87 527.53 522.27 517.22 511.57 506.18 500.57 496.27 491.72 488.83 485.50 483.68 482.22 483.13 483.75 486.40 491.23 498.73 508.13 518.24 528.59 533.14 526.88 516.64 505.25 493.59 482.11 471.25 460.94 452.36 444.66 438.13 431.97 426.33 420.97 415.68 410.97 406.02 401.77 398.04 394.05 390.21 385.87 381.92 377.88 373.09 367.64 361.26 354.52 347.35 341.32 332.21 322.74
494.47 495.14 495.84 498.47 502.82 508.40 514.00 519.33 523.85 528.43 531.77 534.67 536.76 538.63 538.97 539.88 539.15 538.70 537.52 533.74 531.65 529.79 526.72 519.35 512.80 506.96 501.47 495.76 491.80 487.35 483.86 480.69 478.70 477.05 478.79 479.47 482.46 487.93 496.71 507.23 516.29 525.94 531.11 525.73 517.60 507.95 497.58 487.08 477.19 468.09 459.84 452.01 445.25 439.47 433.67 428.88 424.08 419.44 414.92 410.34 407.30 404.46 402.35 397.26 391.22 385.45 379.54 373.41 366.36 358.59 350.49 344.23 333.99 324.14
489.04 489.54 488.81 490.59 496.81 502.92 508.68 513.60 518.61 522.03 526.06 528.78 531.45 532.34 533.28 533.82 533.97 532.96 531.87 528.64 526.65 524.11 520.36 514.23 507.80 501.73 496.41 491.11 486.30 481.48 478.15 475.31 473.00 471.28 472.22 472.67 475.25 480.35 488.48 498.48 508.57 517.38 522.10 521.24 515.91 508.30 499.78 491.12 482.36 473.31 465.85 458.74 452.53 446.16 441.73 436.14 431.75 427.72 423.40 418.88 416.24 413.52 410.89 405.81 399.55 392.94 386.12 378.59 371.19 362.64 356.58 346.98 336.50 324.77
485.49 486.76 486.07 487.43 493.70 499.20 504.03 509.04 513.01 516.86 520.51 522.62 525.61 526.85 527.72 528.26 528.13 527.75 526.64 523.04 521.03 518.01 513.91 508.37 502.04 496.31 490.44 485.26 480.20 475.84 471.83 468.68 465.76 465.76 464.47 464.44 465.70 469.24 476.02 486.24 498.09 508.42 514.44 516.29 513.42 507.63 500.55 492.79 485.58 478.14 471.36 464.13 458.20 453.23 448.30 443.95 439.22 435.49 431.71 427.45 424.36 421.59 418.44 413.26 406.92 399.82 392.46 384.19 376.22 366.27 360.78 349.87 339.35 327.56
482.95 486.26 488.96 491.07 493.42 496.84 500.79 504.88 508.48 511.84 515.09 518.17 520.01 521.35 522.70 522.76 522.83 522.43 521.39 517.65 515.51 512.84 508.59 502.43 496.40 489.91 484.45 478.85 472.95 468.26 464.88 461.63 458.55 457.62 455.71 454.58 454.53 455.84 459.91 471.12 487.07 501.70 510.28 512.06 510.25 505.85 500.49 494.26 486.69 480.88 474.69 469.48 464.12 458.62 455.18 451.69 447.17 443.58 440.51 434.91 432.07 428.76 424.92 420.00 413.88 406.85 398.87 391.82 382.74 370.71 364.88 353.55 342.50 330.27
480.69 485.58 490.41 492.56 493.04 494.75 497.47 500.38 504.07 507.23 510.61 512.62 515.16 516.55 516.94 517.64 517.15 516.79 515.47 511.82 509.68 507.16 502.63 496.31 489.49 483.34 476.89 471.55 466.34 461.09 456.90 452.98 450.81 449.43 447.18 445.11 443.66 443.06 444.88 457.24 476.74 495.20 506.06 508.23 506.67 503.58 498.46 493.69 488.63 482.86 478.45 472.71 469.15 465.17 460.63 457.96 454.90 451.01 447.70 443.24 439.88 436.08 431.80 427.15 421.28 414.06 406.29 397.47 388.87 377.71 372.56 360.01 348.43 334.81
476.77 482.67 488.14 489.95 490.39 491.35 493.55 496.30 499.57 501.91 505.56 507.54 509.83 510.78 511.91 511.61 511.70 510.64 509.84 506.14 503.52 500.44 495.75 489.57 482.63 475.73 469.53 463.23 458.10 453.25 449.34 445.35 443.35 440.71 438.49 436.30 434.29 432.68 433.27 447.01 468.06 487.47 499.43 502.61 502.26 500.26 497.07 493.76 488.01 484.37 481.90 478.89 474.72 471.39 468.30 463.95 461.36 457.88 455.20 450.23 447.78 444.13 439.39 434.77 428.61 421.08 412.10 404.67 393.11 383.82 377.10 365.28 352.52 339.55
471.10 476.77 482.58 484.20 485.04 486.46 488.51 491.39 494.20 497.74 500.43 502.34 504.20 505.70 506.26 506.55 505.64 504.74 503.25 499.96 497.11 493.82 488.85 481.97 474.90 467.75 460.85 455.15 449.25 444.78 439.77 436.32 434.44 432.28 430.24 428.76 427.71 426.88 427.70 441.57 461.55 480.22 492.24 495.46 496.16 495.17 493.00 490.13 487.81 486.03 482.02 479.01 478.75 476.26 472.94 470.80 468.44 465.57 463.61 459.00 456.91 453.28 447.96 443.30 436.62 428.10 419.66 411.30 400.68 390.18 383.36 371.60 358.20 344.62
463.19 467.74 471.79 474.91 477.25 479.82 482.51 485.96 488.94 492.09 494.28 496.91 498.80 499.92 500.58 500.46 499.78 498.19 496.40 493.06 490.46 487.80 481.61 474.02 466.24 459.08 452.04 445.63 439.81 434.51 430.84 428.20 425.45 423.20 422.23 421.97 422.83 425.36 430.81 441.70 456.68 471.59 482.22 487.10 488.95 489.26 488.46 486.21 485.77 483.94 483.24 482.01 478.64 477.34 477.26 474.96 473.09 471.51 469.92 466.54 465.24 464.37 460.41 453.16 444.90 436.59 427.54 416.30 406.29 395.05 389.27 375.53 362.23 348.11
453.90 457.25 461.30 464.40 468.21 472.06 475.97 479.55 483.24 486.11 488.91 491.12 493.01 494.20 494.74 494.49 493.38 491.56 487.69 484.80 481.62 479.23 472.24 464.20 456.65 449.12 442.05 435.51 430.21 424.93 421.70 418.09 415.49 413.89 413.47 415.03 418.07 423.66 431.31 440.05 451.19 463.16 472.73 477.95 480.47 481.43 481.97 482.43 482.34 482.96 481.29 480.33 481.05 478.97 478.42 477.33 476.44 476.56 475.24 472.88 472.25 472.48 470.02 461.33 452.22 443.87 433.18 422.54 411.13 400.84 387.60 381.38 368.33 354.17
444.05 444.29 446.73 452.66 458.60 463.91 468.80 472.85 476.50 479.79 482.76 485.18 487.04 488.24 488.73 488.14 486.76 484.09 479.89 475.77 470.51 465.02 459.59 453.21 446.11 438.56 431.76 425.01 419.23 415.03 410.81 407.61 405.52 404.21 404.35 406.15 410.41 418.25 428.74 434.16 442.96 453.47 462.49 467.82 471.07 473.40 475.73 477.13 477.82 478.38 479.79 479.25 479.69 479.76 479.20 479.35 479.32 479.17 478.74 478.03 477.25 475.85 472.14 466.16 458.83 450.09 439.31 429.53 416.90 406.65 393.38 387.43 373.82 360.45
435.86 433.68 433.65 442.64 449.85 455.78 461.13 465.69 469.86 473.33 476.32 478.72 480.74 482.00 482.57 481.90 479.78 476.80 471.79 466.48 459.91 452.63 447.87 441.92 434.96 427.76 420.33 413.54 408.86 403.90 399.74 396.42 394.13 393.17 393.25 395.16 398.75 405.70 415.24 421.48 430.71 441.48 450.87 456.51 460.44 464.28 466.72 470.25 472.38 474.73 475.32 476.87 478.66 478.93 479.71 479.37 481.61 482.13 481.69 482.14 481.46 479.30 475.31 470.56 463.54 454.15 444.63 434.07 423.13 410.20 399.38 392.51 379.86 366.40
429.78 429.92 431.64 436.60 442.32 447.81 453.23 458.46 462.96 466.39 469.35 471.69 473.68 475.38 476.11 475.28 473.09 469.38 463.97 458.11 451.28 444.40 438.14 431.53 424.29 416.45 408.61 402.46 396.44 391.55 387.63 384.74 382.58 381.42 381.37 382.33 383.85 386.07 392.26 403.33 414.99 427.05 437.22 443.37 448.29 453.32 457.97 462.06 466.07 468.49 471.56 473.97 475.08 478.01 478.82 480.59 481.40 483.33 483.51 484.98 485.82 485.25 481.38 475.18 467.40 458.30 449.17 438.23 427.43 415.41 403.52 396.22 385.05 371.86
421.85 424.35 426.07 430.59 434.27 438.90 444.81 450.62 455.31 458.94 461.55 463.74 465.97 468.09 469.27 468.86 466.28 461.93 456.24 450.04 442.96 435.79 428.97 421.77 413.67 405.17 397.07 389.50 383.43 378.76 375.24 372.49 370.41 369.13 368.94 369.43 369.83 368.78 372.09 385.74 397.85 409.85 420.73 427.81 434.71 441.46 447.33 452.99 457.76 462.37 466.11 469.44 472.21 473.86 476.40 478.24 480.78 483.10 484.63 486.68 488.64 489.93 486.00 478.47 469.88 460.93 451.32 441.60 430.37 419.54 408.68 395.63 390.33 377.73
407.79 407.84 411.77 419.24 423.56 428.26 434.98 442.07 446.23 450.29 452.25 454.21 456.89 459.73 462.05 462.43 458.80 453.47 448.43 442.23 434.23 426.35 419.68 412.44 403.42 393.79 384.16 375.81 369.69 365.36 362.46 360.02 357.73 356.32 356.33 357.51 359.13 361.27 365.11 372.10 381.01 390.29 400.17 411.05 420.81 429.48 437.25 444.24 450.40 456.83 462.08 466.33 469.67 472.65 474.97 477.75 480.21 482.30 483.28 486.05 488.93 491.05 486.98 479.12 470.41 461.76 452.40 443.42 432.73 422.50 411.01 400.60 394.44 383.68
392.17 390.95 395.39 404.07 410.87 416.93 423.52 429.81 434.76 438.88 441.32 443.44 446.72 450.12 453.17 456.12 449.87 443.05 439.34 434.45 424.30 415.54 409.73 403.75 392.93 382.02 371.24 361.43 355.93 351.58 349.73 347.98 344.78 342.74 343.22 345.95 349.09 353.34 356.25 358.99 364.98 372.30 381.68 394.78 406.09 415.98 425.38 433.46 440.59 447.21 453.18 458.33 462.31 465.77 469.12 472.39 475.30 477.51 479.65 482.23 484.85 487.44 483.28 475.94 468.06 460.18 451.70 443.33 433.97 424.69 414.28 404.41 397.48 387.76
378.82 380.34 384.66 391.35 398.03 404.54 411.04 417.05 421.98 426.46 429.50 432.62 435.61 438.81 441.47 441.92 438.32 433.40 428.59 422.32 412.79 403.83 397.93 391.01 381.21 370.33 359.66 350.27 343.80 339.15 336.73 334.59 331.24 329.09 329.60 333.43 336.73 341.18 342.46 344.10 350.18 357.44 368.20 380.90 392.16 402.44 412.45 421.49 429.03 436.46 443.79 449.76 453.05 456.73 460.70 464.68 467.86 470.74 472.99 474.90 476.35 476.27 474.16 469.57 463.13 456.35 449.13 441.72 433.32 424.80 415.41 406.56 396.12 390.33
366.07 369.20 373.51 379.08 385.61 392.29 398.07 404.44 409.67 414.39 417.86 421.42 424.35 427.09 428.94 428.73 426.21 422.86 417.84 411.32 402.39 393.37 386.73 378.90 369.49 359.19 349.11 339.87 332.66 327.16 323.29 320.10 317.29 315.54 315.72 317.69 320.74 324.62 327.36 330.93 336.91 344.42 355.06 367.17 377.33 387.11 397.61 407.42 414.28 422.06 431.44 438.67 441.39 444.82 449.88 454.91 458.86 462.24 464.35 465.92 466.85 465.89 464.85 461.60 456.15 450.23 444.53 438.04 430.60 422.54 414.41 406.30 397.82 391.93
353.20 356.43 360.81 366.26 372.72 379.46 386.48 392.37 398.26 402.78 407.72 410.94 413.68 416.32 417.41 417.43 415.23 412.33 407.70 401.75 394.40 386.17 377.22 368.35 358.59 348.61 338.71 329.62 321.95 315.35 310.41 306.21 303.22 301.23 300.68 301.25 302.72 305.93 311.42 317.60 324.55 332.33 341.70 351.98 361.52 370.85 380.32 389.46 397.34 405.55 414.59 421.91 426.08 430.56 436.45 442.45 447.25 451.58 454.07 455.99 458.34 458.37 457.28 453.72 448.08 442.29 438.52 433.53 426.22 418.43 410.64 403.20 396.55 389.83
