salem-test/grid/02_surface_Academy_1997_UTM47.asc
ncols         275
nrows         292
xllcorner     346439.5277
yllcorner     8883561.234967
cellsize      500
NODATA_value  -9999
[rows 198 to 230 of 292, columns 74 to 147 of 275]
77.58 90.40 105.78 122.71 140.00 157.21 174.01 190.76 207.65 225.03 242.05 257.99 271.05 282.21 290.89 296.64 299.82 303.93 316.36 329.69 340.76 349.97 358.48 366.26 373.66 380.65 388.10 394.97 402.21 409.14 415.94 421.87 428.36 434.11 439.82 445.34 450.20 454.16 457.05 459.56 461.70 464.14 466.01 467.85 469.53 471.29 473.25 475.96 479.61 483.95 489.56 495.83 502.74 509.71 516.63 522.67 527.60 532.05 535.02 537.19 539.19 541.51 544.33 547.58 551.10 554.64 557.79 560.92 566.00 572.83 579.35 585.02 589.64 593.11
59.94 73.37 90.97 109.55 127.56 145.09 161.48 178.01 195.04 213.26 232.39 250.75 265.55 278.55 289.71 297.55 301.17 304.95 319.76 332.62 341.91 349.33 356.49 363.22 370.12 376.94 383.73 390.96 398.15 405.34 412.22 418.57 425.06 431.48 437.87 443.55 448.19 451.66 454.25 456.16 458.49 459.68 460.87 461.78 462.58 463.50 464.69 466.53 469.59 473.79 479.32 485.82 493.06 500.45 507.55 513.30 517.77 523.63 528.14 531.52 534.65 537.90 541.31 544.86 548.36 551.65 554.78 557.92 562.80 569.01 574.85 579.94 584.03 587.14
42.23 54.80 74.62 94.86 112.65 131.00 145.36 161.35 177.22 195.68 216.30 239.18 253.32 269.54 284.70 298.17 303.13 311.87 327.71 336.38 342.00 347.60 353.34 359.15 365.49 372.27 379.15 386.25 393.70 401.05 408.19 414.78 421.48 428.10 435.72 442.21 446.26 449.12 451.35 453.29 454.26 454.85 455.37 455.87 455.84 455.63 455.51 456.64 458.98 463.05 468.63 475.61 483.31 491.47 499.70 507.15 511.92 517.93 522.09 525.97 529.96 534.05 538.23 542.30 545.95 549.40 552.68 556.40 561.00 566.20 571.22 575.57 579.02 581.65
26.73 39.05 57.31 76.38 93.92 110.11 124.28 -9999 152.45 168.45 186.77 207.77 225.38 245.95 267.04 286.99 297.43 310.22 329.52 334.83 338.60 342.65 347.60 352.94 359.21 365.88 372.75 380.50 388.28 395.95 403.73 411.32 417.35 423.27 433.07 441.13 444.19 446.38 448.60 449.79 449.67 449.47 449.75 449.88 448.92 447.36 446.30 446.16 447.92 451.62 457.62 465.10 473.54 482.54 492.07 502.52 512.62 512.91 515.94 520.16 524.93 529.95 535.04 539.69 543.78 547.26 550.58 554.42 559.01 563.81 568.13 571.73 574.58 576.62
14.31 23.65 41.27 58.27 73.84 87.73 100.12 111.57 -9999 133.80 146.56 162.39 183.06 208.79 236.36 262.03 283.34 301.80 316.44 324.89 329.90 333.92 339.13 344.51 350.86 358.13 365.34 373.73 381.53 390.11 398.57 406.61 413.35 420.09 430.10 438.40 441.84 443.07 445.22 446.45 444.67 443.14 443.97 444.52 442.24 439.26 436.74 435.42 436.54 440.00 446.69 454.83 463.95 473.44 483.09 492.46 499.98 503.91 508.39 513.73 519.40 525.35 531.54 537.10 541.45 544.89 547.75 551.30 556.43 561.48 565.29 568.16 570.43 572.02
-9999 -9999 -9999 -9999 -9999 66.15 75.89 84.42 91.62 97.47 -9999 111.60 133.91 166.79 201.47 234.57 264.21 287.58 301.88 310.79 316.94 322.14 328.16 334.03 341.44 348.96 356.55 365.28 374.50 383.77 392.78 402.14 410.12 419.11 428.14 435.87 439.61 441.16 442.13 440.90 439.09 437.35 437.54 437.74 434.82 431.28 428.09 425.80 426.90 429.32 437.27 445.48 455.25 464.69 474.09 481.72 488.56 492.97 500.41 506.99 513.39 520.00 527.42 534.15 538.26 541.91 543.90 546.35 553.48 559.25 562.06 564.34 566.31 567.71
-9999 -9999 -9999 -9999 -9999 46.64 53.50 59.64 63.69 65.21 -9999 -9999 86.20 127.07 166.92 205.95 242.77 270.93 284.87 293.78 300.74 306.96 313.78 320.86 328.85 337.71 346.38 356.01 366.27 376.64 387.48 397.60 406.80 416.76 426.07 433.88 437.39 438.53 438.68 435.49 433.43 431.72 430.56 429.17 426.76 423.86 421.36 420.07 421.05 424.49 430.92 439.06 448.22 457.73 467.03 475.35 482.22 487.87 494.29 500.85 507.35 514.02 521.17 527.52 531.98 535.74 538.62 543.07 549.12 554.47 557.30 559.91 561.98 563.45
-9999 -9999 -9999 -9999 -9999 -9999 -9999 -9999 -9999 -9999 -9999 -9999 -9999 95.91 134.50 176.06 217.68 249.39 263.55 272.80 280.82 288.42 296.89 305.56 315.05 324.66 335.56 346.00 358.12 369.26 381.07 392.52 402.23 413.14 423.33 431.19 434.14 435.20 434.95 433.44 427.87 425.96 423.53 421.36 419.22 417.00 415.16 414.67 416.09 419.66 425.59 433.20 442.01 451.54 461.19 470.40 477.80 483.39 489.05 495.00 501.05 507.25 513.26 518.71 523.06 526.76 530.49 535.74 540.87 545.96 550.61 554.48 557.34 559.14
-9999 -9999 -9999 -9999 -9999 -9999 -9999 -9999 -9999 -9999 -9999 -9999 -9999 -9999 102.91 144.17 189.31 222.11 237.40 248.14 258.07 267.85 278.02 288.80 300.23 311.99 324.35 336.87 349.66 362.26 374.52 386.82 396.68 408.36 418.28 425.43 429.49 430.87 430.78 429.03 426.07 419.26 417.18 414.16 411.96 410.10 409.19 409.11 411.03 414.45 420.10 427.28 435.87 445.42 455.60 465.63 473.12 478.34 483.53 488.91 494.46 499.99 505.14 509.75 513.57 516.80 519.81 523.58 529.42 536.17 542.90 548.50 552.09 554.23
-9999 -9999 -9999 -9999 -9999 -9999 -9999 -9999 -9999 -9999 -9999 -9999 -9999 -9999 -9999 112.25 157.93 191.14 206.30 219.54 232.33 244.78 257.35 270.56 283.62 297.65 311.09 325.30 339.56 352.88 366.70 379.75 391.28 403.13 413.25 420.20 424.56 426.38 425.73 423.83 421.04 413.57 411.21 407.67 404.75 403.49 402.36 402.95 405.29 408.94 414.10 421.20 429.44 438.80 448.92 459.74 467.17 472.09 477.20 482.43 487.55 492.54 497.20 501.18 504.38 506.81 508.83 511.21 517.76 525.93 534.56 542.33 545.70 548.47
-9999 -9999 -9999 -9999 -9999 -9999 -9999 -9999 -9999 -9999 -9999 -9999 -9999 -9999 -9999 -9999 121.37 149.92 171.42 188.92 204.95 220.40 235.93 251.08 266.82 282.06 297.32 312.67 327.99 343.30 358.66 370.65 384.43 397.05 408.03 415.55 419.29 421.28 420.05 418.32 415.57 412.31 403.86 401.69 398.31 395.89 395.57 396.00 398.69 402.37 407.83 414.58 422.35 431.41 440.83 449.87 457.95 464.47 470.22 475.58 480.65 485.28 489.56 493.21 496.10 498.12 499.46 500.87 507.92 516.73 525.16 532.14 536.53 539.38
-9999 -9999 -9999 -9999 -9999 -9999 -9999 -9999 -9999 -9999 -9999 -9999 -9999 -9999 -9999 -9999 -9999 116.73 138.23 158.74 177.97 196.35 213.91 231.82 249.00 266.21 283.15 299.95 316.66 333.05 349.35 363.35 376.87 390.47 402.13 410.78 413.55 414.85 413.57 411.76 409.34 405.37 398.58 393.71 391.81 389.50 387.90 389.07 391.38 394.94 400.27 407.03 414.95 423.74 432.63 440.81 449.27 456.75 463.08 468.71 473.77 478.40 482.55 485.94 488.75 490.91 492.85 495.49 501.19 508.60 515.73 521.58 525.83 528.49
-9999 -9999 -9999 -9999 -9999 -9999 -9999 -9999 -9999 -9999 -9999 -9999 -9999 -9999 -9999 -9999 -9999 -9999 108.99 132.03 153.46 173.44 193.22 212.42 231.74 250.53 268.50 286.90 304.54 322.46 339.69 354.42 369.62 383.21 394.22 402.14 406.24 407.79 406.33 404.59 402.07 398.41 392.54 388.20 383.95 381.32 381.13 380.68 383.34 387.06 392.15 399.00 406.91 415.89 425.22 433.95 442.25 449.67 456.24 462.00 467.18 471.92 476.08 479.38 482.43 485.46 488.00 491.22 495.69 501.77 507.26 512.10 515.77 518.01
-9999 -9999 -9999 -9999 -9999 -9999 -9999 -9999 -9999 -9999 -9999 -9999 -9999 -9999 -9999 -9999 -9999 -9999 -9999 111.58 132.20 152.64 173.10 193.88 214.39 234.37 254.18 273.75 293.20 311.83 329.71 345.27 361.45 375.21 385.99 394.11 398.40 400.01 399.07 396.64 394.18 390.36 387.44 381.84 377.97 374.34 372.61 373.17 374.49 377.90 382.98 389.58 398.10 408.09 418.49 427.89 436.04 443.23 449.79 455.69 461.01 465.78 470.07 473.60 477.48 480.36 483.26 486.90 490.95 495.28 499.72 503.75 506.83 508.66
-9999 -9999 -9999 -9999 -9999 -9999 -9999 -9999 -9999 -9999 -9999 -9999 -9999 -9999 -9999 -9999 -9999 -9999 -9999 -9999 114.22 133.59 154.65 176.35 198.11 219.40 240.24 260.88 281.53 300.82 318.22 335.96 352.39 367.20 379.33 387.34 390.72 391.51 390.42 388.76 385.51 381.57 378.71 373.50 369.04 365.64 365.31 364.29 366.10 368.11 372.90 379.42 388.42 399.43 411.83 422.72 429.97 436.92 443.60 449.74 455.15 460.25 465.40 469.22 472.48 476.18 479.16 482.28 485.77 490.14 493.56 496.68 498.92 500.47
-9999 -9999 -9999 -9999 -9999 -9999 -9999 -9999 -9999 -9999 -9999 -9999 -9999 -9999 -9999 -9999 -9999 -9999 -9999 -9999 -9999 -9999 138.05 160.50 182.72 205.05 226.94 248.56 269.75 290.01 308.08 326.42 343.14 358.10 371.02 378.87 381.39 382.20 381.12 379.29 375.96 372.36 369.34 364.32 360.26 358.34 356.03 355.34 356.48 358.23 361.80 368.24 377.39 389.29 402.62 414.33 422.70 430.38 437.65 444.16 449.80 455.95 460.28 464.46 468.32 471.68 475.30 478.26 481.68 484.67 487.95 490.09 492.51 493.79
-9999 -9999 -9999 -9999 -9999 -9999 -9999 -9999 -9999 -9999 -9999 -9999 -9999 -9999 -9999 -9999 -9999 -9999 -9999 -9999 -9999 -9999 124.63 146.53 169.03 191.76 214.47 236.65 258.36 278.17 298.15 316.66 333.38 347.19 359.00 366.85 370.77 371.73 370.73 368.81 366.49 362.54 359.59 354.92 352.45 349.52 347.36 346.78 346.70 348.06 350.69 356.34 365.35 377.97 391.80 404.22 414.69 423.75 431.89 438.92 444.99 451.25 456.78 460.80 464.08 468.06 470.68 473.84 476.65 480.26 482.97 485.24 486.98 488.27
-9999 -9999 -9999 -9999 -9999 -9999 -9999 -9999 -9999 -9999 -9999 -9999 -9999 -9999 -9999 -9999 -9999 -9999 -9999 -9999 -9999 -9999 113.59 134.32 156.68 179.59 202.35 225.20 247.13 267.73 288.12 307.03 323.81 337.61 348.37 355.96 359.88 360.82 359.92 358.01 355.63 352.27 349.27 344.76 343.19 340.18 339.58 338.37 337.81 338.36 339.92 344.44 354.50 368.50 382.67 395.80 407.57 417.95 426.89 434.60 441.63 447.88 452.72 457.81 461.36 464.17 467.68 470.14 472.99 475.73 478.08 480.60 482.15 484.11
-9999 -9999 -9999 -9999 -9999 -9999 -9999 -9999 -9999 -9999 -9999 -9999 -9999 -9999 -9999 -9999 -9999 -9999 -9999 -9999 -9999 -9999 -9999 123.94 145.74 168.15 190.99 213.76 235.76 257.46 278.27 297.62 314.87 329.28 340.68 346.78 349.19 349.55 348.27 346.46 344.35 341.35 339.10 334.76 333.18 331.21 331.02 330.19 330.37 330.90 330.89 336.10 348.15 362.32 376.17 389.56 402.20 413.32 422.84 431.56 439.02 444.57 450.34 454.23 457.35 461.10 463.61 465.69 468.04 471.11 473.79 476.19 478.41 480.48
-9999 -9999 -9999 -9999 -9999 -9999 -9999 -9999 -9999 -9999 -9999 -9999 -9999 -9999 -9999 -9999 -9999 -9999 -9999 -9999 -9999 -9999 -9999 -9999 135.58 157.39 179.77 202.32 225.10 247.41 268.72 288.44 305.61 321.00 332.87 337.25 338.10 337.41 336.03 334.23 332.37 330.06 327.88 324.84 323.58 322.13 322.40 323.22 325.35 326.72 328.12 334.17 345.85 359.43 373.02 386.29 399.07 410.38 420.63 429.00 436.53 442.99 447.41 452.04 454.92 457.16 459.34 461.71 463.87 466.27 468.75 471.28 474.14 476.95
-9999 -9999 -9999 -9999 -9999 -9999 -9999 -9999 -9999 -9999 -9999 -9999 -9999 -9999 -9999 -9999 -9999 -9999 -9999 -9999 -9999 -9999 -9999 -9999 125.71 146.87 168.65 191.22 214.40 237.44 259.43 278.87 296.44 311.58 323.16 325.76 325.57 324.40 322.87 321.42 319.86 318.21 316.95 314.51 313.87 313.16 314.02 316.35 320.97 324.75 327.71 334.42 345.18 358.59 373.29 386.43 397.73 408.54 418.79 427.62 435.44 441.22 445.96 449.06 451.43 453.84 455.23 456.99 458.73 461.21 463.68 466.36 469.21 472.11
-9999 13.81 19.44 25.12 25.64 23.38 19.31 15.51 15.30 16.32 16.76 -9999 -9999 -9999 -9999 -9999 -9999 -9999 -9999 -9999 -9999 -9999 -9999 -9999 -9999 136.12 157.08 179.48 203.47 227.70 250.54 270.20 286.81 299.55 308.15 311.52 311.40 310.20 308.97 307.98 307.34 306.59 305.86 304.10 303.78 303.65 305.48 308.76 314.08 320.04 325.32 333.16 343.94 357.25 372.33 385.49 396.56 407.46 418.10 426.79 434.45 440.52 444.29 447.03 448.72 449.90 451.52 452.24 453.40 455.37 457.65 460.20 463.21 466.77
18.17 20.11 26.29 32.54 33.66 32.08 28.06 24.90 23.92 24.40 25.68 23.91 17.17 -9999 -9999 -9999 -9999 -9999 -9999 -9999 -9999 -9999 -9999 -9999 -9999 124.20 144.02 166.29 191.84 218.35 242.16 262.25 277.84 288.44 294.04 296.76 296.41 295.06 294.16 294.24 294.62 295.21 295.40 294.42 294.08 294.03 296.53 300.86 306.38 313.51 321.15 330.35 341.53 354.45 368.12 381.82 394.86 406.97 417.61 426.96 434.67 440.00 443.47 445.10 445.55 446.03 446.12 446.44 447.25 449.05 451.08 453.35 456.30 459.52
25.77 28.68 32.81 36.85 38.35 37.59 35.72 33.58 32.53 32.75 33.81 32.01 22.41 14.41 13.64 -9999 -9999 -9999 -9999 -9999 -9999 -9999 -9999 -9999 -9999 -9999 -9999 -9999 179.00 209.83 235.09 255.04 270.00 280.03 284.03 283.51 281.36 279.33 279.01 280.25 282.47 284.67 285.26 285.66 285.46 284.54 286.72 292.58 299.47 307.58 316.38 326.55 338.37 351.47 364.74 379.18 393.58 406.77 418.03 427.64 435.16 440.53 442.80 443.42 442.46 441.25 440.30 440.13 440.44 441.63 443.65 445.91 448.70 451.41
35.47 37.49 40.02 42.31 43.72 43.61 42.72 41.73 40.82 40.29 39.27 35.72 28.79 21.58 16.48 12.41 -9999 -9999 -9999 -9999 -9999 -9999 -9999 -9999 -9999 -9999 -9999 133.93 165.52 203.77 226.49 247.07 261.08 272.01 273.21 270.52 266.54 263.23 264.01 266.40 271.29 275.59 277.20 278.21 278.92 278.83 279.83 284.92 293.31 302.66 311.86 322.32 335.18 349.08 363.26 378.16 393.19 406.96 418.09 427.82 436.15 441.33 442.37 440.71 438.24 435.95 433.87 432.64 432.42 433.54 435.54 438.12 440.88 443.08
45.79 46.81 48.36 49.15 49.83 50.08 50.04 49.31 48.51 47.79 45.91 42.38 36.77 29.93 22.51 14.95 -9999 -9999 -9999 -9999 -9999 -9999 -9999 -9999 -9999 -9999 -9999 126.43 154.58 185.61 210.65 230.88 246.26 258.09 259.65 257.90 254.50 251.35 252.74 255.06 261.62 267.86 269.17 271.29 273.40 275.15 275.60 278.44 289.09 299.79 308.40 317.86 332.37 347.01 361.07 376.50 392.54 407.51 417.26 426.53 436.54 442.80 441.24 436.77 432.95 429.51 426.47 424.30 423.55 424.43 426.87 430.16 433.47 435.64
57.10 55.89 56.60 57.23 57.09 57.34 57.11 57.18 56.55 55.59 53.87 51.14 47.05 41.23 33.92 26.42 21.23 20.28 20.57 21.38 -9999 -9999 -9999 -9999 -9999 -9999 -9999 -9999 141.85 167.62 191.60 211.79 226.96 236.93 243.85 246.54 246.38 245.80 246.70 249.21 253.24 257.01 260.08 263.88 267.54 270.71 273.70 278.84 287.56 297.47 307.06 317.61 330.36 343.63 356.89 372.70 389.06 403.48 413.64 422.93 433.09 439.63 436.72 430.39 426.32 422.35 418.62 415.29 414.20 414.46 417.91 422.06 426.35 429.34
65.81 65.92 66.21 66.52 67.01 64.85 64.83 64.70 64.42 64.04 63.08 61.45 58.95 55.25 49.65 42.71 36.29 31.01 26.96 23.54 21.05 -9999 -9999 -9999 -9999 -9999 -9999 -9999 126.98 149.86 173.40 194.71 211.11 221.20 232.14 237.97 240.20 241.23 242.41 244.33 246.78 248.48 251.44 257.62 263.02 267.94 273.19 279.66 287.74 297.17 307.19 317.88 329.66 341.50 353.47 368.90 384.00 396.81 407.13 416.13 423.36 427.33 425.98 421.95 417.65 413.62 409.88 406.77 405.28 405.47 408.66 412.95 417.95 422.96
73.24 73.47 73.68 73.92 74.66 75.12 72.59 72.31 72.85 72.76 72.64 72.35 72.07 71.24 69.38 62.37 52.39 43.43 35.78 29.30 24.48 -9999 -9999 -9999 -9999 -9999 -9999 89.35 108.39 131.17 156.55 181.20 202.11 217.25 226.92 232.67 235.81 237.51 238.86 240.39 242.87 245.07 248.21 254.21 260.32 266.58 273.21 280.42 289.09 298.65 308.63 319.35 330.22 341.50 353.57 366.73 379.91 390.88 400.26 407.51 412.84 415.47 414.91 412.12 408.23 404.36 400.92 398.14 396.68 396.91 398.81 401.96 405.37 407.86
79.50 80.16 80.62 80.87 81.57 82.06 82.53 80.57 81.06 81.58 81.97 82.85 83.99 85.54 87.08 79.52 67.02 55.82 46.09 37.74 31.43 28.02 -9999 -9999 -9999 -9999 -9999 67.61 86.21 111.26 141.00 170.83 196.94 215.25 224.48 229.57 232.66 234.63 236.10 236.84 239.67 244.20 249.02 255.22 262.13 269.39 277.02 282.35 291.30 301.00 310.87 321.26 331.62 342.28 353.34 365.08 376.59 386.41 394.63 400.43 404.13 405.07 404.38 401.92 398.39 394.68 391.61 388.86 387.47 386.75 387.65 389.68 391.36 392.51
84.94 86.38 87.11 87.36 87.96 88.50 89.16 88.33 89.05 89.77 90.98 92.42 94.14 95.92 96.20 89.57 78.45 67.11 56.67 47.26 39.21 32.81 -9999 -9999 -9999 -9999 -9999 47.07 62.57 91.24 127.59 163.18 194.65 214.58 222.75 227.09 229.29 231.46 233.71 235.94 239.13 244.59 250.25 257.05 264.08 271.86 280.62 288.82 298.54 307.19 316.71 325.47 334.16 343.46 352.84 364.11 374.14 382.62 389.06 393.96 396.07 397.64 396.21 393.55 390.06 386.21 382.96 379.22 377.30 376.30 376.52 376.92 377.70 378.07
90.15 92.54 93.24 93.33 93.73 94.27 95.10 96.17 96.15 97.29 98.71 100.10 101.66 103.10 103.33 96.97 87.41 77.22 67.20 57.50 48.25 39.56 31.28 -9999 -9999 -9999 -9999 -9999 -9999 77.74 119.08 158.00 191.93 212.43 219.58 223.26 226.23 229.00 231.90 235.59 239.84 245.24 251.22 258.24 266.36 274.91 284.06 292.78 302.15 311.27 321.26 330.29 339.46 347.33 355.59 364.83 373.18 380.42 385.15 388.82 389.89 389.24 387.28 384.53 381.39 377.74 374.13 371.03 368.20 366.04 364.80 363.80 364.19 364.68
95.90 99.23 99.08 98.51 98.78 99.35 100.34 101.60 102.42 103.72 105.10 106.42 107.39 107.64 106.54 101.93 94.97 86.71 77.85 68.63 59.14 49.28 38.89 28.00 21.34 -9999 -9999 -9999 -9999 78.09 117.43 155.79 188.68 208.33 215.40 218.65 222.29 226.45 230.27 234.85 240.02 245.78 252.26 260.27 268.48 277.98 287.22 296.46 306.27 316.26 325.43 335.26 343.68 351.60 359.37 366.48 372.71 378.62 381.70 383.10 383.26 382.88 378.94 376.18 371.59 368.08 363.72 359.74 356.31 354.12 352.04 351.39 351.01 351.46
